1
62
0.0
0.0
0
32.0
0.0
0
64.0
0.0
0
96.0
0.0
0
128.0
0.0
0
160.0
100.0
0
192.0
150.0
0
224.0
200.0
0
256.0
250.0
0
288.0
300.0
0
320.0
350.0
0
352.0
400.0
0
384.0
450.0
0
416.0
500.0
0
448.0
550.0
0
480.0
600.0
0
512.0
650.0
0
544.0
700.0
0
576.0
750.0
0
608.0
800.0
0
640.0
850.0
0
672.0
900.0
0
704.0
950.0
0
736.0
1000.0
0
768.0
0.0
0
800.0
0.0
0
832.0
0.0
0
864.0
0.0
0
896.0
0.0
0
928.0
0.0
0
960.0
0.0
0
992.0
0.0
0
1024.0
0.0
0
1056.0
0.0
0
1088.0
0.0
0
1120.0
0.0
0
1152.0
0.0
0
1184.0
0.0
0
1216.0
0.0
0
1248.0
0.0
0
1280.0
0.0
0
1312.0
0.0
0
1344.0
0.0
0
1376.0
0.0
0
1408.0
0.0
0
1440.0
0.0
0
1472.0
0.0
0
1504.0
0.0
0
1536.0
0.0
0
1568.0
0.0
0
1600.0
0.0
0
1632.0
0.0
0
1664.0
0.0
0
1696.0
0.0
0
1728.0
0.0
0
1760.0
0.0
0
1792.0
0.0
0
1824.0
0.0
0
1856.0
0.0
0
1888.0
0.0
0
664.0
32.0
0
664.0
64.0
0
1
1600.0
32.0
9
1600
