3
142
0.0
0.0
2
32.0
0.0
2
64.0
0.0
2
96.0
0.0
2
128.0
0.0
2
160.0
0.0
2
192.0
0.0
2
224.0
0.0
2
256.0
0.0
2
288.0
0.0
2
320.0
0.0
2
352.0
128.0
2
384.0
128.0
2
416.0
128.0
2
352.0
256.0
2
384.0
256.0
2
416.0
256.0
2
672.0
352.0
2
704.0
352.0
2
736.0
352.0
2
992.0
230.0
2
1024.0
230.0
2
1280.0
320.0
2
1312.0
320.0
2
1344.0
320.0
2
1344.0
352.0
2
1344.0
384.0
2
1084.0
512.0
2
1116.0
512.0
2
1148.0
512.0
2
1536.0
576.0
2
1568.0
576.0
2
1600.0
576.0
2
1632.0
576.0
2
1664.0
576.0
2
1920.0
620.0
2
1952.0
620.0
2
1984.0
620.0
2
2016.0
620.0
2
2048.0
620.0
2
2080.0
620.0
2
2112.0
620.0
2
2240.0
460.0
2
2272.0
460.0
2
2304.0
460.0
2
2336.0
460.0
2
2368.0
460.0
2
1920.0
720.0
2
1952.0
720.0
2
1984.0
720.0
2
2016.0
720.0
2
2048.0
720.0
2
2080.0
720.0
2
2112.0
720.0
2
2144.0
744.0
2
2144.0
776.0
2
1920.0
800.0
2
1952.0
800.0
2
1984.0
800.0
2
2016.0
800.0
2
2048.0
800.0
2
2080.0
800.0
2
2112.0
800.0
2
1920.0
880.0
2
1952.0
880.0
2
1984.0
880.0
2
2016.0
880.0
2
2048.0
880.0
2
2080.0
880.0
2
2112.0
880.0
2
2144.0
800.0
2
2176.0
800.0
2
2208.0
832.0
2
2240.0
864.0
2
2272.0
896.0
2
2304.0
928.0
2
2336.0
960.0
2
2368.0
992.0
2
2464.0
1082.0
2
2464.0
1114.0
2
2464.0
1146.0
2
2464.0
1178.0
2
2464.0
1210.0
2
2464.0
1050.0
2
2496.0
1050.0
2
2496.0
1050.0
2
2528.0
1050.0
2
2560.0
1050.0
2
2592.0
1050.0
2
2624.0
1050.0
2
2656.0
1050.0
2
2688.0
1050.0
2
2720.0
1050.0
2
2752.0
1050.0
2
2784.0
1050.0
2
2400.0
460.0
2
2432.0
460.0
2
2464.0
460.0
2
2496.0
460.0
2
2528.0
460.0
2
2560.0
460.0
2
2592.0
460.0
2
2624.0
460.0
2
2656.0
460.0
2
2688.0
460.0
2
2720.0
460.0
2
2752.0
460.0
2
2784.0
460.0
2
2784.0
492.0
2
2784.0
524.0
2
2784.0
556.0
2
2784.0
588.0
2
2784.0
620.0
2
2784.0
652.0
2
2784.0
684.0
2
2784.0
716.0
2
2144.0
0.0
2
2176.0
0.0
2
2208.0
0.0
2
2616.0
0.0
2
2648.0
0.0
2
2648.0
32.0
2
2648.0
64.0
2
2680.0
0.0
2
2712.0
0.0
2
2904.0
0.0
2
3096.0
0.0
2
3288.0
0.0
2
3416.0
0.0
2
3448.0
0.0
2
3480.0
0.0
2
3512.0
0.0
2
3544.0
0.0
2
3576.0
0.0
2
3608.0
0.0
2
3640.0
0.0
2
3672.0
0.0
2
3704.0
0.0
2
3736.0
0.0
2
3768.0
0.0
2
3800.0
0.0
2
3832.0
0.0
2
2
3500.0
32.0
3
66.0
286.0
20
3500