1
87
0.0
0.0
0
32.0
0.0
0
64.0
0.0
0
96.0
0.0
0
128.0
0.0
0
160.0
64.0
0
192.0
64.0
0
224.0
64.0
0
256.0
64.0
0
288.0
64.0
0
320.0
64.0
0
352.0
64.0
0
384.0
64.0
0
384.0
128.0
0
416.0
0.0
0
448.0
0.0
0
448.0
128.0
0
480.0
0.0
0
512.0
128.0
0
544.0
20.0
0
576.0
20.0
0
576.0
128.0
0
608.0
20.0
0
640.0
128.0
0
640.0
158.0
0
640.0
188.0
0
640.0
218.0
0
640.0
248.0
0
640.0
278.0
0
672.0
60.0
0
704.0
0.0
0
736.0
0.0
0
768.0
0.0
0
896.0
0.0
0
928.0
0.0
0
960.0
0.0
0
992.0
0.0
0
992.0
70.0
0
1022.0
160.0
0
1052.0
260.0
0
1072.0
360.0
0
1102.0
460.0
0
1132.0
560.0
0
1172.0
760.0
0
1024.0
0.0
0
1056.0
0.0
0
1088.0
0.0
0
1248.0
0.0
0
1408.0
0.0
0
1300.0
300.0
0
1338.0
300.0
0
1368.0
300.0
0
1398.0
300.0
0
1438.0
300.0
0
1468.0
300.0
0
1568.0
0.0
0
1600.0
0.0
0
1632.0
0.0
0
1664.0
0.0
0
1696.0
0.0
0
1728.0
0.0
0
1760.0
0.0
0
1792.0
0.0
0
1824.0
0.0
0
1856.0
0.0
0
1888.0
0.0
0
896.0
32.0
0
928.0
32.0
0
1408.0
32.0
0
1440.0
32.0
0
1440.0
62.0
0
1440.0
96.0
0
1440.0
128.0
0
1568.0
64.0
0
1568.0
96.0
0
1568.0
128.0
0
1568.0
160.0
0
1600.0
32.0
0
1632.0
32.0
0
1664.0
32.0
0
1696.0
32.0
0
1728.0
32.0
0
1760.0
32.0
0
1792.0
32.0
0
1824.0
32.0
0
1856.0
32.0
0
1888.0
32.0
0
2
1568.0
192.0
9
66.0
286.0
13
1568
