1
107
0.0
0.0
0
32.0
0.0
0
64.0
0.0
0
96.0
0.0
0
128.0
0.0
0
160.0
0.0
0
192.0
0.0
0
224.0
0.0
0
256.0
0.0
0
288.0
0.0
0
320.0
80.0
0
352.0
80.0
0
384.0
80.0
0
416.0
150.0
0
448.0
150.0
0
480.0
150.0
0
512.0
150.0
0
512.0
180.0
0
512.0
210.0
0
512.0
290.0
0
512.0
310.0
0
512.0
340.0
0
512.0
370.0
0
512.0
400.0
0
512.0
430.0
0
544.0
150.0
0
576.0
150.0
0
608.0
230.0
0
640.0
230.0
0
672.0
230.0
0
704.0
230.0
0
608.0
150.0
0
640.0
150.0
0
672.0
150.0
0
704.0
150.0
0
736.0
150.0
0
736.0
182.0
0
736.0
198.0
0
736.0
230.0
0
768.0
230.0
0
800.0
230.0
0
800.0
262.0
0
800.0
294.0
0
800.0
324.0
0
832.0
324.0
0
832.0
356.0
0
832.0
388.0
0
832.0
420.0
0
864.0
420.0
0
864.0
452.0
0
864.0
484.0
0
864.0
516.0
0
896.0
516.0
0
896.0
548.0
0
896.0
580.0
0
896.0
612.0
0
928.0
612.0
0
960.0
612.0
0
992.0
612.0
0
992.0
676.0
0
992.0
708.0
0
1024.0
708.0
0
1024.0
740.0
0
1024.0
772.0
0
1024.0
804.0
0
1056.0
804.0
0
1056.0
836.0
0
1056.0
868.0
0
1056.0
900.0
0
1088.0
900.0
0
1088.0
932.0
0
1088.0
964.0
0
1088.0
996.0
0
1120.0
996.0
0
1120.0
1026.0
0
1120.0
1058.0
0
1120.0
1090.0
0
1152.0
1090.0
0
1152.0
1120.0
0
1152.0
1150.0
0
1152.0
1180.0
0
1152.0
1210.0
0
1152.0
1240.0
0
1030.0
500.0
0
1070.0
400.0
0
1110.0
300.0
0
1150.0
200.0
0
1190.0
100.0
0
1230.0
0.0
0
1250.0
250.0
0
1376.0
250.0
0
1408.0
250.0
0
1440.0
250.0
0
1472.0
250.0
0
1504.0
250.0
0
1536.0
250.0
0
1568.0
250.0
0
1600.0
250.0
0
1632.0
250.0
0
1664.0
250.0
0
1696.0
250.0
0
1728.0
250.0
0
1760.0
250.0
0
1792.0
250.0
0
1824.0
250.0
0
1856.0
250.0
0
1888.0
250.0
0
2
1504.0
282.0
9
66.0
286.0
14
1504
