2
109
0.0
0.0
1
32.0
0.0
1
64.0
0.0
1
96.0
0.0
1
128.0
0.0
1
160.0
0.0
1
192.0
0.0
1
224.0
0.0
1
256.0
0.0
1
288.0
0.0
1
320.0
0.0
1
352.0
0.0
1
384.0
0.0
1
416.0
0.0
1
448.0
0.0
1
480.0
0.0
1
512.0
0.0
1
544.0
0.0
1
576.0
0.0
1
608.0
0.0
1
640.0
0.0
1
672.0
0.0
1
704.0
0.0
1
736.0
0.0
1
768.0
0.0
1
896.0
0.0
1
928.0
0.0
1
960.0
0.0
1
992.0
0.0
1
1024.0
0.0
1
1056.0
0.0
1
1088.0
0.0
1
1120.0
0.0
1
1152.0
0.0
1
1184.0
0.0
1
1216.0
0.0
1
1248.0
0.0
1
1280.0
0.0
1
1312.0
0.0
1
1344.0
0.0
1
1376.0
0.0
1
1408.0
0.0
1
1440.0
0.0
1
1472.0
0.0
1
1504.0
0.0
1
1536.0
0.0
1
1568.0
0.0
1
1600.0
0.0
1
1632.0
0.0
1
1664.0
0.0
1
1696.0
0.0
1
1728.0
0.0
1
1760.0
0.0
1
1792.0
0.0
1
1824.0
0.0
1
1856.0
0.0
1
1888.0
0.0
1
0.0
32.0
1
32.0
32.0
1
64.0
32.0
1
96.0
32.0
1
128.0
32.0
1
160.0
32.0
1
192.0
32.0
1
224.0
32.0
1
256.0
32.0
1
288.0
32.0
1
320.0
32.0
1
352.0
32.0
1
384.0
32.0
1
736.0
32.0
1
768.0
32.0
1
896.0
32.0
1
928.0
32.0
1
1408.0
32.0
1
1440.0
32.0
1
1472.0
32.0
1
1504.0
32.0
1
1536.0
32.0
1
1568.0
32.0
1
1600.0
32.0
1
1632.0
32.0
1
1664.0
32.0
1
1696.0
32.0
1
1728.0
32.0
1
1760.0
32.0
1
1792.0
32.0
1
1824.0
32.0
1
1856.0
32.0
1
1888.0
32.0
1
0.0
64.0
1
32.0
64.0
1
64.0
64.0
1
96.0
64.0
1
128.0
64.0
1
160.0
64.0
1
192.0
64.0
1
736.0
64.0
1
768.0
64.0
1
896.0
64.0
1
928.0
64.0
1
1664.0
64.0
1
1696.0
64.0
1
1728.0
64.0
1
1760.0
64.0
1
1792.0
64.0
1
1824.0
64.0
1
1856.0
64.0
1
1888.0
64.0
1
2
1845.0
64.0
9
96.0
256.0
17
1845
