1
44
0.0
0.0
1
32.0
0.0
1
64.0
0.0
1
96.0
0.0
1
128.0
0.0
1
160.0
0.0
1
192.0
0.0
1
224.0
0.0
1
256.0
0.0
1
288.0
0.0
1
320.0
0.0
1
352.0
0.0
1
384.0
0.0
1
416.0
0.0
1
448.0
0.0
1
480.0
0.0
1
512.0
0.0
1
544.0
0.0
1
576.0
0.0
1
608.0
0.0
1
640.0
0.0
1
672.0
0.0
1
704.0
0.0
1
736.0
0.0
1
768.0
0.0
1
800.0
0.0
1
832.0
0.0
1
864.0
0.0
1
896.0
0.0
1
928.0
0.0
1
960.0
0.0
1
992.0
0.0
1
1024.0
0.0
1
1056.0
0.0
1
1088.0
0.0
1
1120.0
0.0
1
1152.0
0.0
1
1184.0
0.0
1
1216.0
0.0
1
1248.0
0.0
1
664.0
32.0
1
632.0
64.0
1
664.0
64.0
1
500.0
96.0
1
2
1205.0
32.0
1
600.0
32.0
1
1205