2
136
0.0
0.0
1
32.0
0.0
1
64.0
0.0
1
96.0
0.0
1
128.0
0.0
1
160.0
0.0
1
192.0
0.0
1
224.0
0.0
1
256.0
0.0
1
288.0
0.0
1
320.0
0.0
1
352.0
0.0
1
384.0
0.0
1
416.0
0.0
1
448.0
0.0
1
480.0
0.0
1
512.0
0.0
1
544.0
0.0
1
576.0
0.0
1
608.0
0.0
1
640.0
0.0
1
672.0
0.0
1
704.0
0.0
1
736.0
0.0
1
768.0
0.0
1
896.0
0.0
1
928.0
0.0
1
960.0
0.0
1
992.0
0.0
1
1024.0
0.0
1
1056.0
0.0
1
1088.0
0.0
1
1120.0
0.0
1
1152.0
0.0
1
1184.0
0.0
1
1216.0
0.0
1
1248.0
0.0
1
1280.0
0.0
1
1312.0
0.0
1
1312.0
96.0
1
1344.0
96.0
1
1376.0
128.0
1
1408.0
128.0
1
1440.0
128.0
1
1472.0
128.0
1
1504.0
128.0
1
1536.0
128.0
1
1568.0
128.0
1
1600.0
128.0
1
1632.0
128.0
1
1344.0
0.0
1
1376.0
0.0
1
1408.0
0.0
1
1440.0
0.0
1
1472.0
0.0
1
1504.0
0.0
1
1536.0
0.0
1
1824.0
0.0
1
1856.0
0.0
1
1888.0
0.0
1
0.0
32.0
1
32.0
32.0
1
64.0
32.0
1
96.0
32.0
1
128.0
32.0
1
160.0
32.0
1
192.0
32.0
1
224.0
32.0
1
256.0
32.0
1
288.0
32.0
1
320.0
32.0
1
352.0
32.0
1
384.0
32.0
1
736.0
32.0
1
768.0
32.0
1
896.0
32.0
1
928.0
32.0
1
1408.0
32.0
1
1440.0
32.0
1
1472.0
32.0
1
1504.0
32.0
1
1536.0
32.0
1
1824.0
32.0
1
1856.0
32.0
1
1888.0
32.0
1
0.0
64.0
1
32.0
64.0
1
64.0
64.0
1
96.0
64.0
1
128.0
64.0
1
160.0
64.0
1
380.0
130.0
1
508.0
160.0
1
602.0
126.0
1
696.0
126.0
1
602.0
222.0
1
647.0
222.0
1
692.0
222.0
1
737.0
222.0
1
768.0
64.0
1
896.0
64.0
1
928.0
64.0
1
1824.0
64.0
1
1856.0
64.0
1
1888.0
64.0
1
1632.0
128.0
1
1632.0
160.0
1
1632.0
224.0
1
1632.0
256.0
1
1632.0
288.0
1
1632.0
320.0
1
1632.0
352.0
1
1632.0
384.0
1
1632.0
416.0
1
1632.0
448.0
1
1632.0
480.0
1
1632.0
512.0
1
1632.0
544.0
1
1632.0
576.0
1
1632.0
608.0
1
1632.0
640.0
1
1632.0
672.0
1
1632.0
704.0
1
1632.0
736.0
1
1632.0
768.0
1
668.0
318.0
1
737.0
418.0
1
896.0
318.0
1
1024.0
330.0
1
1152.0
330.0
1
1248.0
230.0
1
1248.0
430.0
1
1376.0
530.0
1
1472.0
630.0
1
1536.0
662.0
1
1376.0
330.0
1
2
1845.0
96.0
5
66.0
286.0
16
1845
