2
157
288.0
0.0
1
320.0
0.0
1
352.0
0.0
1
384.0
0.0
1
416.0
64.0
1
448.0
64.0
1
480.0
64.0
1
480.0
96.0
1
480.0
128.0
1
480.0
160.0
1
512.0
160.0
1
544.0
160.0
1
544.0
192.0
1
544.0
224.0
1
544.0
256.0
1
576.0
256.0
1
608.0
256.0
1
608.0
288.0
1
608.0
320.0
1
608.0
352.0
1
640.0
352.0
1
672.0
352.0
1
672.0
384.0
1
672.0
416.0
1
672.0
448.0
1
704.0
448.0
1
736.0
448.0
1
736.0
544.0
1
768
544.0
1
800.0
544.0
1
800.0
576.0
1
800.0
608.0
1
800.0
640.0
1
832.0
640.0
1
864.0
640.0
1
864.0
672.0
1
864.0
704.0
1
864.0
736.0
1
896.0
736.0
1
928.0
736.0
1
928.0
768.0
1
928.0
800.0
1
928.0
832.0
1
960.0
832.0
1
992.0
832.0
1
1088.0
900.0
1
1088.0
900.0
1
1184.0
970.0
1
1280.0
1050.0
1
1350.0
970.0
1
928.0
0.0
1
960.0
0.0
1
992.0
0.0
1
1024.0
0.0
1
1056.0
0.0
1
1088.0
0.0
1
1120.0
0.0
1
1152.0
0.0
1
1184.0
0.0
1
1216.0
0.0
1
1248.0
0.0
1
1280.0
0.0
1
1312.0
0.0
1
1440.0
128.0
1
1472.0
128.0
1
1504.0
128.0
1
1536.0
128.0
1
1568.0
128.0
1
1600.0
128.0
1
1632.0
128.0
1
1344.0
0.0
1
1376.0
0.0
1
1408.0
0.0
1
1440.0
0.0
1
1472.0
0.0
1
1504.0
0.0
1
1536.0
0.0
1
1824.0
0.0
1
1856.0
0.0
1
1888.0
0.0
1
1408.0
32.0
1
1440.0
32.0
1
1472.0
32.0
1
1504.0
32.0
1
1536.0
32.0
1
1824.0
32.0
1
1856.0
32.0
1
1888.0
32.0
1
0.0
64.0
1
32.0
64.0
1
64.0
64.0
1
96.0
64.0
1
128.0
64.0
1
150.0
64.0
1
1824.0
64.0
1
1856.0
64.0
1
1888.0
64.0
1
802.0
300.0
1
1248.0
64.0
1
1280.0
64.0
1
1312.0
64.0
1
1312.0
96.0
1
1312.0
128.0
1
1312.0
160.0
1
1344.0
160.0
1
1376.0
160.0
1
1376.0
192.0
1
1376.0
224.0
1
1376.0
256.0
1
1408.0
256.0
1
1440.0
256.0
1
1440.0
288.0
1
1440.0
320.0
1
1440.0
352.0
1
1472.0
352.0
1
1504.0
352.0
1
1504.0
384.0
1
1504.0
416.0
1
1504.0
448.0
1
1536.0
448.0
1
1568.0
448.0
1
1568.0
544.0
1
1600.0
544.0
1
1632.0
544.0
1
1632.0
576.0
1
1632.0
608.0
1
1632.0
640.0
1
1664.0
640.0
1
1696.0
640.0
1
1696.0
672.0
1
1696.0
704.0
1
1696.0
736.0
1
1728.0
736.0
1
1760.0
736.0
1
1824.0
832.0
1
1856.0
832.0
1
1888.0
832.0
1
1920.0
832.0
1
1824.0
800.0
1
1824.0
768.0
1
1824.0
736.0
1
1824.0
704.0
1
1824.0
672.0
1
1824.0
640.0
1
1824.0
608.0
1
1824.0
576.0
1
1824.0
544.0
1
1824.0
512.0
1
1824.0
480.0
1
1824.0
416.0
1
1824.0
384.0
1
1824.0
352.0
1
1824.0
320.0
1
1824.0
288.0
1
1824.0
256.0
1
1824.0
224.0
1
1824.0
192.0
1
2
1845.0
865.0
9
128.0
256.0
17
1845
