3
92
0.0
0.0
2
32.0
0.0
2
64.0
0.0
2
96.0
0.0
2
128.0
0.0
2
160.0
0.0
2
192.0
0.0
2
224.0
0.0
2
256.0
0.0
2
288.0
0.0
2
320.0
0.0
2
352.0
0.0
2
384.0
0.0
2
800.0
0.0
2
832.0
0.0
2
864.0
0.0
2
896.0
0.0
2
928.0
192.0
2
960.0
192.0
2
1024.0
192.0
2
1120.0
384.0
2
1152.0
384.0
2
1184.0
384.0
2
1216.0
384.0
2
1216.0
416.0
2
1216.0
448.0
2
1216.0
480.0
2
1216.0
512.0
2
1248.0
512.0
2
1280.0
512.0
2
1312.0
512.0
2
1344.0
512.0
2
1376.0
512.0
2
1500.0
352.0
2
1514.0
352.0
2
1546.0
352.0
2
1578.0
352.0
2
1610.0
352.0
2
1642.0
352.0
2
1674.0
352.0
2
1674.0
384.0
2
1674.0
416.0
2
1674.0
448.0
2
1674.0
480.0
2
1674.0
512.0
2
1674.0
544.0
2
1674.0
576.0
2
1674.0
608.0
2
1674.0
640.0
2
1674.0
672.0
2
1674.0
704.0
2
1674.0
736.0
2
1674.0
768.0
2
1674.0
800.0
2
1536.0
0.0
2
1568.0
0.0
2
1600.0
0.0
2
1632.0
0.0
2
1664.0
0.0
2
1696.0
0.0
2
1728.0
0.0
2
1920.0
192.0
2
1952.0
192.0
2
1984.0
192.0
2
2016.0
192.0
2
2048.0
192.0
2
2080.0
340.0
2
2112.0
340.0
2
2144.0
340.0
2
2176.0
340.0
2
2208.0
340.0
2
2240.0
340.0
2
2272.0
340.0
2
2272.0
372.0
2
2272.0
404.0
2
2272.0
436.0
2
2272.0
468.0
2
2272.0
500.0
2
2272.0
532.0
2
2272.0
564.0
2
2272.0
596.0
2
2272.0
628.0
2
2336.0
0.0
2
2368.0
0.0
2
2400.0
0.0
2
2784.0
0.0
2
2816.0
0.0
2
2848.0
0.0
2
2880.0
0.0
2
2912
0.0
2
2912.0
0.0
2
2944.0
0.0
2
2
2800.0
32.0
3
66.0
286.0
18
2800