3
109
0.0
0.0
2
32.0
0.0
2
64.0
0.0
2
96.0
0.0
2
128.0
0.0
2
160.0
0.0
2
192.0
0.0
2
224.0
0.0
2
256.0
0.0
2
288.0
0.0
2
320.0
0.0
2
352.0
0.0
2
384.0
0.0
2
416.0
0.0
2
448.0
0.0
2
480.0
0.0
2
512.0
0.0
2
544.0
0.0
2
576.0
0.0
2
608.0
0.0
2
640.0
0.0
2
672.0
0.0
2
704.0
0.0
2
736.0
0.0
2
768.0
0.0
2
896.0
0.0
2
928.0
0.0
2
960.0
0.0
2
992.0
0.0
2
1024.0
0.0
2
1056.0
0.0
2
1088.0
0.0
2
1120.0
0.0
2
1152.0
0.0
2
1184.0
0.0
2
1216.0
0.0
2
1248.0
0.0
2
1280.0
0.0
2
1312.0
0.0
2
1344.0
0.0
2
1376.0
0.0
2
1408.0
0.0
2
1440.0
0.0
2
1472.0
0.0
2
1504.0
0.0
2
1536.0
0.0
2
1568.0
0.0
2
1600.0
0.0
2
1632.0
0.0
2
1664.0
0.0
2
1696.0
0.0
2
1728.0
0.0
2
1760.0
0.0
2
1792.0
0.0
2
1824.0
0.0
2
1856.0
0.0
2
1888.0
0.0
2
0.0
32.0
2
32.0
32.0
2
64.0
32.0
2
96.0
32.0
2
128.0
32.0
2
160.0
32.0
2
192.0
32.0
2
224.0
32.0
2
256.0
32.0
2
288.0
32.0
2
320.0
32.0
2
352.0
32.0
2
384.0
32.0
2
736.0
32.0
2
768.0
32.0
2
896.0
32.0
2
928.0
32.0
2
1408.0
32.0
2
1440.0
32.0
2
1472.0
32.0
2
1504.0
32.0
2
1536.0
32.0
2
1568.0
32.0
2
1600.0
32.0
2
1632.0
32.0
2
1664.0
32.0
2
1696.0
32.0
2
1728.0
32.0
2
1760.0
32.0
2
1792.0
32.0
2
1824.0
32.0
2
1856.0
32.0
2
1888.0
32.0
2
0.0
64.0
2
32.0
64.0
2
64.0
64.0
2
96.0
64.0
2
128.0
64.0
2
160.0
64.0
2
192.0
64.0
2
736.0
64.0
2
768.0
64.0
2
896.0
64.0
2
928.0
64.0
2
1664.0
64.0
2
1696.0
64.0
2
1728.0
64.0
2
1760.0
64.0
2
1792.0
64.0
2
1824.0
64.0
2
1856.0
64.0
2
1888.0
64.0
2
2
1845.0
64.0
9
66.0
286.0
19
1845
